name: geminoa-flask
channels:
- conda-forge
dependencies:
- _libgcc_mutex=0.1=conda_forge
- _openmp_mutex=4.5=2_gnu
- alembic=1.13.1=pyhd8ed1ab_1
- blinker=1.7.0=pyhd8ed1ab_0
- bzip2=1.0.8=hd590300_5
- ca-certificates=2024.2.2=hbcca054_0
- click=8.1.7=unix_pyh707e725_0
- colorama=0.4.6=pyhd8ed1ab_0
- flask=3.0.2=pyhd8ed1ab_0
- flask-marshmallow=0.14.0=pyh9f0ad1d_0
- flask-migrate=4.0.7=pyhd8ed1ab_0
- flask-sqlalchemy=3.0.3=pyhd8ed1ab_0
- greenlet=3.0.3=py312h30efb56_0
- importlib-metadata=7.1.0=pyha770c72_0
- importlib_resources=6.4.0=pyhd8ed1ab_0
- itsdangerous=2.1.2=pyhd8ed1ab_0
- jinja2=3.1.3=pyhd8ed1ab_0
- keyutils=1.6.1=h166bdaf_0
- krb5=1.21.2=h659d440_0
- ld_impl_linux-64=2.40=h41732ed_0
- libblas=3.9.0=21_linux64_openblas
- libcblas=3.9.0=21_linux64_openblas
- libedit=3.1.20191231=he28a2e2_2
- libexpat=2.6.2=h59595ed_0
- libffi=3.4.2=h7f98852_5
- libgcc-ng=13.2.0=h807b86a_5
- libgfortran-ng=13.2.0=h69a702a_5
- libgfortran5=13.2.0=ha4646dd_5
- libgomp=13.2.0=h807b86a_5
- liblapack=3.9.0=21_linux64_openblas
- libnsl=2.0.1=hd590300_0
- libopenblas=0.3.26=pthreads_h413a1c8_0
- libpq=16.2=h33b98f1_1
- libsqlite=3.45.2=h2797004_0
- libstdcxx-ng=13.2.0=h7e041cc_5
- libuuid=2.38.1=h0b41bf4_0
- libxcrypt=4.4.36=hd590300_1
- libzlib=1.2.13=hd590300_5
- mako=1.3.2=pyhd8ed1ab_0
- markupsafe=2.1.5=py312h98912ed_0
- marshmallow=3.21.1=pyhd8ed1ab_0
- marshmallow-sqlalchemy=1.0.0=pyhd8ed1ab_0
- ncurses=6.4.20240210=h59595ed_0
- numpy=1.26.4=py312heda63a1_0
- openssl=3.2.1=hd590300_1
- packaging=24.0=pyhd8ed1ab_0
- pandas=2.2.1=py312hfb8ada1_0
- pip=24.0=pyhd8ed1ab_0
- psycopg2=2.9.9=py312h08590aa_0
- python=3.12.2=hab00c5b_0_cpython
- python-dateutil=2.9.0=pyhd8ed1ab_0
- python-tzdata=2024.1=pyhd8ed1ab_0
- python_abi=3.12=4_cp312
- pytz=2024.1=pyhd8ed1ab_0
- readline=8.2=h8228510_1
- setuptools=69.2.0=pyhd8ed1ab_0
- six=1.16.0=pyh6c4a22f_0
- sqlalchemy=2.0.29=py312h98912ed_0
- tk=8.6.13=noxft_h4845f30_101
- tqdm=4.66.2=pyhd8ed1ab_0
- typing-extensions=4.11.0=hd8ed1ab_0
- typing_extensions=4.11.0=pyha770c72_0
- tzdata=2024a=h0c530f3_0
- werkzeug=3.0.2=pyhd8ed1ab_0
- wheel=0.43.0=pyhd8ed1ab_1
- xz=5.2.6=h166bdaf_0
- zipp=3.17.0=pyhd8ed1ab_0
